 115  1  7  1140137801 
 115  1  8  1153031612 

                 
           115 

                           100052  56 
                           022303-4381  208209
                           022305-8488
                           https://www.ck.tp.edu.tw

                           /
                                          115  1 

                                                                i
 115 

                                     

115  1  15          17               
                                     https://sites.google.com/gl.ck
             19 20  30               .tp.edu.tw/scienter
115  1  21       (18  30             
                  )                  
                           1. 
115  2  12         34      2.  600   
                   17      3.  2~5 
   3  4 
                               
                               

115  3  5                  
  
                           

115  3  11   17            1.        
                                     https://sites.google.com/gl.ck
                                     .tp.edu.tw/scienter
115  3  14   10 17         2. 
                           3.         115 
                                     3  11 
                           

115  3  18                 
              115  4 
             25  23  59    
                                     
                                     https://sites.google.com/gl.ck
                                     .tp.edu.tw/scienter
115  3  19   13 15 
   

115  3  20          17                115  3
                                      20 
               8  50       
115  3  24         17                
                                     https://sites.google.com/gl.ck
                                     .tp.edu.tw/scienter
115  3  25    115  4       
             25  23  59              
                                     
115  3  31                           
   

115  4  1    13 15 
  

115  4  2    17 
  

115  4  8    13 15 
  

115  4  10   13 17                                                                     
                            

115  4  13   8 17                    
  ~                                  

115  4  16 
   

                           i
                                   

----------------------------------------------------------1
-------------------------------------------------------------1
------------------------------------------------------1
------------------------------------------------------1
---------------------------------------------------------2
----------------------------------------------------2
---------------------------------------------------7
---------------------------------------------------------------8
-----------------------------------------------------------10
------------------------------------------------ 11
--------------------------------------12
------13
--14
---------------------------------------------19
---------------------------------------------20
--------------------------------21

                                                               ii
                115 

                        

 

      
      
      
      

 

      
      

            
      

            

 

      30  10 
      

 

      
      
      

           
           
          

                   
                   
                    9  6~8 

                          9 9 
          

                   
                    
                    
                    1. 
                    2. 
                    3. 

                                                               1
          
                   

      
          
          
          
                    115  3  5
                   
          
                    115  3  5 

 

      
     115  1  15 
      https://sites.google.com/gl.ck.tp.edu.tw/scienter

 

      
         :https://sites.google.com/gl.ck.tp.edu.tw/scienter
                 
                 
          115  2  12 9  115
                   3  4 17 
          115  3  5 
                 
                 
                1.
                  
                2.
                1
                        
                2
                       
                       
                       
                3 4 
                4
                        
                5
                                                               2
          6
                A.
                   
                B.
                   
                   

  
            
            
            



   
         1.
            
            
         2.
             1 
            
         3.
            12 
                   1  9 
                   
            2e-mail
                   
                   -
                   
            3
                   -
                   
               -
                    

   
         1. 600 
         2.-
          
          
          

                                                         3
          
            1-

                  
            27-11OK

                    A. 5 
                    B.

                        -
                        
                        5 
                    C.
                    D.-
                        
         3.-
            
   
   
            1.
               e-mail
            2.
            3.
            4.115  3  11 17 

   
               
         
         
         
         
        1.
           
            115  3  5 
           
        2.
            115  3  5 
           
        3.
           International Science and Engineering Fair ISEF 115  3  5 
           
        5 

                                                         4

       
       
       
       

    1.
    1115  3  14 10 17 
    2
    3
    4

                    



5

    100 

6( 3  3 

     )

7

                              
                  
   1000~101010    
                  
   1010~1150100 

   1150~1330100 

   1330~134010    

   1340~1520100   

   1520~155030    

   1550~160010    

   1600~170060    

8
        AT×0.36
                                         T×0.54+
                                         T×0.1

B60



TTT

   

   

C



9-

 115 

     5
3  18  115  4  25  23  59 

10

A115  3  19 13 ~15 

B0223034381  205216

11115  3  20 17 

https://sites.google.com/gl.ck.tp.edu.tw/scienter

2.

1115  3  24 3  25 

2

3 1200 

4 2 

    

5 1 2 3

     4 5

6

A. ( 3 3 

    )

B. 115  3  24 

    

7                                                                 115324    115325
                                                                             
                                                             

    

0850~090010                                                       

0900~1200180                                                      1         3

1200~1350110                                                              

1350~140010                                                       

1400~1700180                                                      2         4
                                                                            5

8

A 1  T × 0.4

       2  T × 0.2

       3  T × 0.2

       4  T × 0.1

       5  T × 0.1

B×1×2

1T2T3T

                                                               6
                                   4T5T
                                   
                                   
                       C 1 2 3
                             4 5
                            
               9
                       A
                       B1T
                       C2T3T
                       D4T5T
               10
               11-
                         115 
                        3  31  115  4  25  23  59 
               12
                     A115  4  1 13 ~15 
                     B0223034381  205216
               3.
          
      115  4  2 17 
            https://sites.google.com/gl.ck.tp.edu.tw/scienter

 

      
         115  4  8 13 ~15 
         
          
                   

      
         115  4  10 13 ~17 
         
         
                                 115 
                                

      
         115  4  13 115  4  16 
                                                               7
                           
         
         

                                 
      

             115 
            

 

       022303-4381208209
       

            
       

            
             
       
          /

                   
          

                   
          

                   
                   
          
                   
          
                   
                   
                   
                   
          
                   
       
             
       115
             

                                                               8
1517
      115


     /
     


     2

56
      

/
        

/
        

                                                        9
      115  

                                      

        
       

                                      
                                      
                                      
                               



      

               115  3  5 
   
      

      115  3  5 
 
       115  3  5 

                                      

  
  
  

       
  

      1.
      2.
      3.

              115  3  5 

              

      4 

             115  3  5 

   115  3  5 

  1.()
       ()

  2.
       

  3.International
       Science and Engineering Fair, ISEF

    

   115  3  5 

                                 
                                 

                                 
                                    

1.
               2.

                   
        115 ______

                      10
                                                                                                                             

                                                                   

   115 

            

               

      /

    

               


      
      
      

     115     

      11
                                                                                                          

  115 

             

                  
       1.
       2.
       3.

                                                
                                         
                   ?                     
                                         
                                         

                                     
  -

                                         
                                         ?
                                       
                                                   
                   ?

1.                                     
                                       
    
                   1. 
2.                     
     115  3  5         
    
                   2.  5 
   (                   
   )
                   1. -
                       

                   2.  115  3  5 
                       

                   12
     115  
  

                    

                           

                           
                        
                    
                           

 

 

 

      



 



                    

                 


                20

  A3
                    A4


                    A3
                   

    
                   

                               
                                   
   FM 

      :

      

    


                  
                  
                  

                           
                           

                    13
                          

    -

                          
  
                          :
    (113.4.26)      1.    *2%
     3              2.
                          :
                          *25%
                          
                          
                    (
                    )     :
                          
                          
                          
                          
                          
                          
                          
                          
                          
                          
    
                          :
                          *2%
                    
                          :
                          *10%
    (108.12.18)           
    3                     
    
                          :
                          
                          
                          
                          
                          
                          
                          
                          
                          
                          
    ...
    
    
    
    
    
    
    
    

                    14
                          

    -

                          
  
                     :
                     *2%
    
                          :
                          *25%
                          
                          
    
                          :
                          
                          
                          
                          
                          
                          
                          
    (112.10.5)            
    10                    
                          
    
                    1. :
    
    
    
    
    

    
    
    
    ...
    
    
    
    
    
    
    
    
    
    
    
    
    
    
    
    
    

                    15
                             

   -

                                      
 
   (104.01.29)               *2%
   5               2.
                   3.        :
                             *25%
                             
                      ()     
   
                             :
                             
                             
                             
                             
                             
                             
   ...                       
                             
                             
                             
   
   
   
   
   
   
   
   
   

                   16
                              

    -

                                       
  
                    1.        :
    (112.9.15)                *2%
    12                  
                              :
                    2.         
                              

                    1.        *25%
                              
                              
    
                    2.         
                              
                    17        
    
                              *15%
                              
                              

                               
                              
                              
     16  
                              *10%
                              
                              
    
                              :
                              
                              
                              
                              
                              
                              
                              
                              
                              
                              
    
                              :
                              *2%
    
                              :
                              ()
    
    (102.8.26)
    7 
    
    
                         

   -

                                  
 
                         
   
                         *25%
                         
                         
   
                         ()
                         
   
                         *15%
                         
                         
   2.
                         ()
                         
   
                         *10%
                         
   2.                    
   
                         :
                         
                         
   2.                    
                         
   ...                   
    1                    
                         
   2                     
                         
                         
   
   
   
   
   
   
   
   
   
   

                   18
                     

 115 
                   

  (     )

 115 



 115 


     
 115  6  26 

      




  

  

 115                 

    19
                                                                                                                             

   115 
                    

       :    

 115 







  
  

  115       

  20
                                                                                                                                            

  115 


()
1. 

      (1) ()
      (2) 
      (3) 
      (4) 
      (5) 
      (6) ()()
      (7) 
2. 
      (1) 
      (2) 
3. 
      (1) 
      (2) 2B

            
      (3) 
      (4) ()

          

       
         

                                                              21
4. 
    (1)
    (2)
         a.
         b.(
             )(MP3MP4 )
             

5. 
      (1) 
      (2) 
            
      (3) 
            
      (4) 
            

()
1. 

      (1) 
      (2) 

            
      (3) 
      (4) 

            
2. 

      (1) 
      (2) ()
3. 
       15 
4. 
      
5. ()
      
      

()
1. ()
2. 2B

      
3. ()

                                                              22
      ()()
      ()
4. ()()()
      
5. 
      
6. ()()
      
7. 
()
1. 
      30 
2. ()()
      
3. ()()
      ()
4. ()
5. ()()
()
1. 
2. 
      20
3. 

                                                               23

()

                                                   

()
   1.()
   2.

()
   1.
   2.
   3.
   4.()()
   5.

                                           

()
      

()()
       10 

()()
   1. 10 
   2.

()
      

()
       10 

   1.
   2.(

      )(MP3MP4 )
      
()
    5 ()
    (MP3MP4 )
    
()
     5 
()

         5 
()

                                                             24
() 10 
                                              

()()()
        

()
()

       
()

   1. 10 
   2.
()()
()()()

                                                      
()

         /
         
()/
          
()
()

                                                             25


          

  ()      
        



          
        

          

          

          

  ()() 

          
        

 
  ()()

  



  
          



          
        

  ()()
         

  

          
        

  ()      
        

  ()()    
        

  

      26
            

 ()

              10  
  ()

  

              10  
        

  (

  

  

  )
  

  ()

             10 

  ()

  

  ()
  (
  MP3MP4 )
  

  ()
          10 
        

  

  (

  )

              5  
  ()

  (MP3

  MP4 )

  

              5  
      

              5  
      

    5 

    27
